# re-allocation
# re-allocation
# re-allocation
# re-allocation
# re-allocation
# re-allocation
# re-allocation
# re-allocation
# re-allocation
# re-allocation
# re-allocation
# re-allocation
# re-allocation
# re-allocation
	10 0.3930
# re-allocation
	20 0.6860
# re-allocation
	30 1.1220
# re-allocation
	40 1.6130
# re-allocation
	50 0.8020
	60 0.7450
	70 0.8670
# re-allocation
	80 1.0000
	90 1.2110
	100 1.3820
	110 1.5830
# re-allocation
	120 1.6240
	130 1.8550
	140 2.0140
	150 2.1980
	160 2.2910
# re-allocation
	170 2.4310
	180 2.7510
	190 2.9010
	200 3.0510
	210 3.2490
	220 3.3560
	230 3.5130
	240 3.6700
	250 3.8040
# re-allocation
	260 4.1510
	270 4.4920
	280 4.6700
	290 4.8310
	300 4.9910
	310 5.1590
	320 5.3200
	330 5.4900
	340 5.6450
	350 5.6500
	360 5.8160
	370 5.9800
# re-allocation
	380 6.1600
	390 6.6840
	400 6.8620
	410 7.0290
	420 7.1750
	430 7.3690
	440 7.5380
	450 7.8140
	460 7.9590
	470 8.0720
	480 8.2250
	490 8.3690
	500 8.5670
	510 8.7160
	520 8.8900
	530 8.9240
	540 9.0300
	550 9.1550
	560 8.9310
# re-allocation
	570 8.4920
	580 9.1020
	590 9.2620
	600 9.4200
	610 9.5720
	620 9.7350
	630 9.8880
	640 10.0440
	650 10.2110
	660 10.3560
	670 10.5100
	680 10.6750
	690 10.8280
	700 10.9820
	710 11.1380
	720 11.2910
	730 11.4630
	740 11.6170
	750 11.7740
	760 11.9930
	770 12.0790
	780 12.2340
	790 12.4010
	800 12.5620
	810 13.5430
	820 14.1730
	830 14.8430
	840 14.6240
	850 14.7630
# re-allocation
	860 13.5420
	870 14.4070
	880 14.5470
	890 14.6880
	900 14.9040
	910 15.0660
	920 15.1880
	930 15.3760
	940 15.5470
	950 15.6880
	960 15.8660
	970 16.0420
	980 16.1970
	990 16.3340
	1000 16.5050
	1010 16.6640
	1020 16.8550
	1030 17.0400
	1040 17.1940
	1050 17.3560
	1060 17.5200
	1070 17.7070
	1080 17.8590
	1090 18.0260
	1100 18.1440
	1110 18.3280
	1120 18.4940
	1130 18.6520
	1140 19.2480
	1150 21.7890
	1160 21.9790
	1170 22.1760
	1180 22.4170
	1190 22.7020
	1200 22.7160
	1210 22.2340
	1220 21.4870
	1230 20.3170
	1240 20.4850
	1250 20.6810
	1260 20.8320
	1270 21.0160
# re-allocation
	1280 21.2820
	1290 22.4350
	1300 24.6270
	1310 26.1150
	1320 26.3500
	1330 26.5370
	1340 26.7120
	1350 27.0020
	1360 27.1360
	1370 27.3960
	1380 27.2740
	1390 26.5620
	1400 25.0120
	1410 24.4640
	1420 24.6080
	1430 24.7890
	1440 24.9430
	1450 25.1070
	1460 25.2850
	1470 25.4870
	1480 25.6600
	1490 25.8380
	1500 26.0090
	1510 26.1480
	1520 26.3240
	1530 26.5040
	1540 26.7090
	1550 26.8760
	1560 27.0530
	1570 27.2160
	1580 27.3970
	1590 27.5580
	1600 27.6990
	1610 27.9340
	1620 28.0700
	1630 28.2280
	1640 28.3950
	1650 28.5600
	1660 28.7400
	1670 28.9290
	1680 29.0950
	1690 29.3040
	1700 29.5350
	1710 29.6760
	1720 29.8610
	1730 29.9730
	1740 30.1760
	1750 30.2940
	1760 30.4940
	1770 30.6820
	1780 30.9240
	1790 34.5750
	1800 35.8910
	1810 36.0630
	1820 36.2760
	1830 36.4930
	1840 36.7620
	1850 36.4930
	1860 36.2050
	1870 37.1820
	1880 37.3850
	1890 37.7370
	1900 37.5240
	1910 34.7070
# re-allocation
	1920 35.7300
	1930 38.8430
	1940 40.3940
	1950 40.7620
	1960 40.9170
	1970 41.1750
	1980 41.4950
	1990 39.8220
	2000 36.3560
	2010 36.5130
	2020 36.6710
	2030 36.8980
	2040 37.2000
	2050 37.3200
	2060 37.4470
	2070 37.5680
	2080 37.8510
	2090 37.9640
	2100 38.1600
	2110 38.3000
	2120 38.5940
	2130 38.8440
	2140 38.8740
	2150 39.0110
	2160 39.2470
	2170 39.4340
	2180 39.6070
	2190 39.8230
	2200 40.0060
	2210 40.1820
	2220 40.3510
	2230 40.5080
	2240 40.6460
	2250 40.7980
	2260 41.0040
	2270 41.1980
	2280 41.3600
	2290 41.5990
	2300 41.7810
	2310 41.9680
	2320 42.1550
	2330 42.3090
	2340 42.4640
	2350 42.6190
	2360 42.8200
	2370 43.0050
	2380 43.1960
	2390 43.3710
	2400 43.5780
	2410 43.8020
	2420 43.9620
	2430 44.1480
	2440 44.3320
	2450 44.5120
	2460 44.7000
	2470 44.8800
	2480 45.0640
	2490 45.2360
	2500 45.4650
	2510 45.6380
	2520 45.8290
	2530 45.9900
	2540 46.1930
	2550 45.4850
	2560 45.6960
	2570 45.7080
	2580 45.8440
	2590 45.8880
	2600 46.1470
	2610 46.4200
	2620 47.0250
	2630 46.9460
	2640 47.0500
	2650 47.0190
	2660 47.2160
	2670 47.3960
	2680 47.5270
	2690 54.1120
	2700 56.8260
	2710 57.3380
	2720 55.1870
	2730 51.8010
	2740 50.8700
	2750 49.4170
	2760 49.0200
	2770 49.2110
	2780 49.5360
	2790 49.6040
	2800 49.9070
	2810 49.7720
	2820 50.4470
	2830 50.2440
	2840 50.5580
	2850 50.5130
	2860 50.8320
	2870 50.9170
# re-allocation
	2880 51.1670
	2890 53.5190
	2900 53.9680
	2910 54.4220
	2920 54.2860
	2930 54.3320
	2940 54.5130
	2950 54.5460
	2960 55.1040
	2970 55.1470
	2980 55.6050
	2990 55.8180
	3000 55.7600
	3010 56.7560
	3020 56.0100
	3030 57.0550
	3040 57.5980
	3050 57.8380
	3060 58.0220
	3070 58.1940
	3080 58.3950
	3090 58.5770
	3100 58.7880
	3110 58.9520
	3120 59.1480
	3130 59.3450
	3140 63.7600
	3150 70.2310
	3160 70.4560
	3170 70.2570
	3180 69.4910
	3190 63.7900
	3200 60.6570
	3210 60.8690
	3220 61.0700
	3230 61.2280
	3240 61.4380
	3250 61.6670
	3260 61.8170
	3270 61.9970
	3280 62.1960
	3290 62.3660
	3300 62.5660
	3310 62.8250
	3320 62.9370
	3330 63.1240
	3340 62.2010
	3350 74.5280
	3360 74.1240
	3370 74.5450
	3380 74.6680
	3390 72.0140
	3400 65.1980
	3410 64.6790
	3420 64.8680
	3430 65.0610
	3440 65.2310
	3450 65.4330
	3460 65.6260
	3470 65.7880
	3480 65.9920
	3490 66.1760
	3500 66.3670
	3510 66.7810
	3520 66.7800
	3530 66.9700
	3540 67.2260
	3550 67.3340
	3560 67.4970
	3570 67.6760
	3580 67.8910
	3590 68.0830
	3600 68.4290
	3610 68.4210
	3620 68.6860
	3630 68.8090
	3640 69.0400
	3650 69.2090
	3660 69.3640
	3670 69.5730
	3680 69.7670
	3690 70.2840
	3700 79.8330
	3710 81.1500
	3720 81.6120
	3730 77.1350
	3740 70.9180
	3750 71.1540
	3760 72.1510
	3770 71.4740
	3780 72.0420
	3790 72.1250
	3800 72.4910
	3810 72.4630
	3820 72.6420
	3830 74.9560
	3840 74.2020
	3850 73.3190
	3860 73.6730
	3870 73.4770
	3880 74.1270
	3890 74.4110
	3900 74.2620
	3910 74.2750
	3920 74.7220
	3930 75.0140
	3940 74.7940
	3950 75.0950
	3960 75.4770
	3970 75.5160
	3980 75.6240
	3990 75.9750
	4000 76.1810
	4010 76.0930
	4020 76.5800
	4030 76.7680
	4040 76.7800
	4050 77.1210
	4060 77.4290
	4070 77.4020
	4080 77.4320
	4090 77.8450
	4100 78.1170
	4110 76.4620
	4120 77.7060
	4130 77.5090
	4140 78.6920
	4150 78.5060
	4160 78.1290
	4170 78.2850
	4180 77.8440
	4190 77.7330
	4200 78.2870
	4210 78.1380
	4220 78.6690
	4230 78.4550
	4240 79.0720
	4250 78.9900
	4260 78.9700
	4270 79.4110
	4280 79.7200
	4290 79.6870
	4300 80.1000
	4310 80.1530
# re-allocation
	4320 80.2080
	4330 83.6810
	4340 83.8880
	4350 84.0530
	4360 83.9170
	4370 84.3670
	4380 84.4970
	4390 84.7670
	4400 85.2640
	4410 85.0430
	4420 86.1420
	4430 85.5560
	4440 85.4380
	4450 85.7120
	4460 86.7120
	4470 86.7820
	4480 86.3840
	4490 86.6440
	4500 87.1860
	4510 87.7150
	4520 87.1930
	4530 87.5470
	4540 87.7740
	4550 87.5910
	4560 87.7010
	4570 88.2060
	4580 88.3800
	4590 88.5740
	4600 88.5660
	4610 88.7980
	4620 88.9570
	4630 89.3020
	4640 89.3620
	4650 89.9270
	4660 89.6830
	4670 89.9000
	4680 90.5610
	4690 90.5620
	4700 90.7100
	4710 90.4970
	4720 91.1160
	4730 91.4130
	4740 91.6450
	4750 91.4030
	4760 91.8790
	4770 91.8690
	4780 92.2150
	4790 92.2850
	4800 92.3310
	4810 92.6870
	4820 92.7400
	4830 93.1850
	4840 93.0190
	4850 93.5770
	4860 93.5110
	4870 93.9270
	4880 93.9110
	4890 95.0220
	4900 97.9160
	4910 97.2350
	4920 97.3720
	4930 95.0150
	4940 95.2040
	4950 95.9400
	4960 96.3120
	4970 96.7150
	4980 96.2080
	4990 96.7440
	5000 96.6190
	5010 97.2260
	5020 97.2990
	5030 96.8190
	5040 97.8400
	5050 97.7770
	5060 97.4510
	5070 97.6600
	5080 97.7810
	5090 98.2980
	5100 98.9620
	5110 98.7770
	5120 98.5970
	5130 98.7150
	5140 100.3980
	5150 100.9770
	5160 100.6720
	5170 101.8570
	5180 102.0230
	5190 102.2830
	5200 102.5340
	5210 102.6640
	5220 102.9050
	5230 103.1060
	5240 103.2550
	5250 103.4420
	5260 103.6720
	5270 103.8350
	5280 104.0440
	5290 104.1740
	5300 104.4400
	5310 104.7230
	5320 102.9230
	5330 103.6460
	5340 105.2630
	5350 105.4600
	5360 103.1350
	5370 103.2940
	5380 103.8280
	5390 104.2150
	5400 103.9510
	5410 104.4220
	5420 104.3010
	5430 104.6110
	5440 105.6650
	5450 105.5420
	5460 105.0750
	5470 105.3390
	5480 106.4540
	5490 107.1470
	5500 106.0730
	5510 105.9660
	5520 106.5720
	5530 106.8830
	5540 106.6860
	5550 106.7640
	5560 106.9240
	5570 107.2830
	5580 107.4650
	5590 107.5050
	5600 107.8760
	5610 108.2580
	5620 108.3190
	5630 108.5200
	5640 108.7720
	5650 108.7280
	5660 108.9460
	5670 109.6230
	5680 109.2670
	5690 109.4090
	5700 109.9410
	5710 110.1810
	5720 110.1630
	5730 110.6360
	5740 110.4310
	5750 110.7760
	5760 110.8280
	5770 111.0590
	5780 111.3790
	5790 111.7070
	5800 111.6500
	5810 111.8990
	5820 112.1410
	5830 112.2030
	5840 113.1200
	5850 117.4680
	5860 116.8010
	5870 113.3250
	5880 113.3460
	5890 113.7370
	5900 114.4190
	5910 114.2400
	5920 114.7570
	5930 115.0580
	5940 115.1300
	5950 114.9350
	5960 114.9670
	5970 115.5990
	5980 115.3390
	5990 115.6100
	6000 115.6390
	6010 116.2050
	6020 117.5740
	6030 117.7600
	6040 119.0130
	6050 119.2240
	6060 119.4220
	6070 119.6300
	6080 119.8680
	6090 119.9450
	6100 120.1830
	6110 120.3930
	6120 120.5890
	6130 120.7330
	6140 121.2150
	6150 121.2860
	6160 121.4610
	6170 121.6200
	6180 121.8800
	6190 122.3170
	6200 122.1880
	6210 122.3730
	6220 122.6100
	6230 122.7600
	6240 120.3510
	6250 120.2980
	6260 120.7290
	6270 121.0260
	6280 121.3930
	6290 120.9550
	6300 122.2190
	6310 121.8030
	6320 122.0420
	6330 121.7620
	6340 122.5740
	6350 122.5760
	6360 123.1160
	6370 122.6640
	6380 124.1200
	6390 123.9280
	6400 123.3200
	6410 123.3960
	6420 123.7280
	6430 124.0180
	6440 124.4810
	6450 124.3430
	6460 124.7910
# re-allocation
	6470 124.7990
	6480 130.4310
	6490 130.1930
	6500 131.2270
	6510 131.3420
	6520 130.6830
	6530 131.1970
	6540 131.5930
	6550 131.4450
	6560 131.7330
	6570 131.9330
	6580 132.1660
	6590 132.2090
	6600 132.8480
	6610 132.5680
	6620 132.7620
	6630 133.2030
	6640 133.4300
	6650 135.9300
	6660 138.3070
	6670 137.1100
	6680 134.1630
	6690 134.8140
	6700 133.3950
	6710 135.5340
	6720 135.9990
	6730 136.6730
	6740 136.0170
	6750 135.7140
	6760 136.4710
	6770 136.6600
	6780 139.1730
	6790 139.6030
	6800 139.7230
	6810 139.9500
	6820 142.6740
	6830 140.3700
	6840 140.5230
	6850 140.7540
	6860 142.7800
	6870 142.0720
	6880 142.3120
	6890 141.2900
	6900 141.3930
	6910 142.0490
	6920 139.0200
	6930 139.4590
	6940 148.4730
	6950 142.4770
	6960 140.4360
	6970 140.3190
	6980 141.2130
	6990 140.4990
	7000 141.3220
	7010 140.9560
	7020 141.4950
	7030 141.7040
	7040 142.9930
	7050 144.2840
	7060 141.9630
	7070 142.5480
	7080 143.2860
	7090 142.6030
	7100 143.7270
	7110 145.1180
	7120 143.4950
	7130 143.3290
	7140 144.7890
	7150 143.6890
	7160 143.9190
	7170 144.3290
	7180 144.4510
	7190 144.2320
	7200 145.3960
	7210 146.0070
	7220 145.1700
	7230 145.1710
	7240 145.5840
	7250 145.8760
	7260 146.4390
	7270 146.3110
	7280 146.2100
	7290 147.0330
	7300 146.8300
	7310 146.9950
	7320 147.1430
	7330 146.6810
	7340 143.9680
	7350 152.0700
	7360 153.3520
	7370 150.6570
	7380 149.3820
	7390 149.2980
	7400 148.9810
	7410 149.1530
	7420 149.7560
	7430 150.4180
	7440 149.3940
	7450 150.0950
	7460 150.9290
	7470 152.8000
	7480 152.8630
	7490 152.9660
	7500 154.0990
	7510 154.3680
	7520 154.4810
	7530 154.8510
	7540 155.3930
	7550 155.3680
	7560 155.3870
	7570 155.7320
	7580 155.9460
	7590 156.1800
	7600 156.2530
	7610 156.5060
	7620 156.4950
	7630 156.6120
	7640 156.9280
	7650 156.1020
	7660 153.8880
	7670 154.1120
	7680 154.5270
	7690 154.5620
	7700 155.9590
	7710 156.1990
	7720 155.4390
	7730 155.4990
	7740 157.7750
	7750 155.9590
	7760 156.1370
	7770 157.4950
	7780 156.4120
	7790 157.1410
	7800 156.9890
	7810 157.1810
	7820 158.1900
	7830 158.2090
	7840 157.5410
	7850 157.4100
	7860 159.1280
	7870 158.7410
	7880 158.0690
	7890 158.5770
	7900 160.3220
	7910 159.1590
	7920 159.2770
	7930 159.3590
	7940 159.8520
	7950 159.9520
	7960 160.1490
	7970 160.1270
	7980 160.3140
	7990 167.3320
	8000 165.9730
	8010 161.1840
	8020 162.2910
	8030 162.8570
	8040 162.6270
	8050 162.6130
	8060 162.6730
	8070 163.0180
	8080 163.9280
	8090 165.0580
	8100 166.5140
	8110 166.7640
	8120 166.8200
	8130 167.2000
	8140 167.2490
	8150 167.5660
	8160 167.9350
	8170 167.9710
	8180 168.1740
	8190 168.4160
	8200 168.4560
	8210 165.5420
	8220 165.2820
	8230 165.4450
	8240 165.6220
	8250 166.3260
	8260 166.5110
	8270 166.3230
	8280 166.5130
	8290 166.3810
	8300 167.7540
	8310 167.5950
	8320 168.1570
	8330 167.4350
	8340 167.6010
	8350 168.3310
	8360 167.9830
	8370 168.9510
	8380 168.8410
	8390 168.5290
	8400 170.6210
	8410 169.3810
	8420 169.8630
	8430 169.7790
	8440 170.8340
	8450 170.1460
	8460 171.8410
	8470 169.9350
	8480 171.7220
	8490 172.3880
	8500 173.9180
	8510 174.8550
	8520 175.1630
	8530 175.3550
	8540 175.5040
	8550 175.7640
	8560 175.9830
	8570 176.4770
	8580 197.2070
	8590 188.1780
	8600 177.7020
	8610 177.3960
	8620 177.5210
	8630 178.0170
	8640 177.7180
	8650 178.0940
	8660 178.1530
	8670 178.9230
	8680 178.7520
	8690 178.8370
	8700 178.7990
	8710 179.3670
	8720 179.7500
	8730 179.9920
	8740 179.9950
	8750 179.7520
	8760 180.0980
	8770 180.4510
	8780 181.5130
	8790 181.5390
	8800 181.8360
	8810 181.0820
	8820 181.3080
	8830 181.5470
	8840 178.4070
	8850 181.8330
	8860 180.4680
	8870 178.4840
	8880 180.4900
	8890 180.0400
	8900 179.6810
	8910 180.3450
	8920 179.9330
	8930 180.3200
	8940 179.8190
	8950 180.0290
	8960 180.8510
	8970 180.5920
	8980 180.6390
	8990 180.8350
	9000 181.0090
	9010 182.1900
	9020 181.8150
	9030 181.6990
	9040 182.1070
	9050 182.1860
	9060 182.2910
	9070 182.4790
	9080 182.6520
	9090 182.7480
	9100 182.5670
	9110 182.8790
	9120 187.6640
	9130 190.4980
	9140 185.9580
	9150 184.8010
	9160 185.5950
	9170 184.7830
	9180 185.4470
	9190 186.6290
	9200 187.5170
	9210 187.4330
	9220 189.3690
	9230 189.5620
	9240 190.0000
	9250 190.1940
	9260 190.1800
	9270 190.5120
	9280 190.8430
	9290 191.0440
	9300 191.2720
	9310 191.2900
	9320 191.5440
	9330 191.6230
	9340 191.8240
	9350 192.0310
	9360 192.2350
	9370 192.5890
	9380 189.9690
	9390 190.8470
	9400 188.9730
	9410 190.2710
	9420 189.8930
	9430 189.7280
	9440 192.0380
	9450 189.8730
	9460 192.5850
	9470 190.7820
	9480 190.7780
	9490 191.4620
	9500 191.7490
	9510 192.4990
	9520 191.5760
	9530 191.5340
	9540 192.4370
	9550 192.0800
	9560 192.8040
	9570 192.4040
	9580 192.8660
	9590 193.0690
	9600 192.9060
	9610 193.6970
	9620 193.7810
	9630 193.2460
	9640 196.8800
	9650 200.8090
	9660 194.4860
	9670 196.6840
	9680 194.8770
	9690 195.2730
# re-allocation
	9700 195.5230
	9710 205.3070
	9720 207.0260
	9730 207.6520
	9740 208.1070
	9750 208.2730
	9760 208.5490
	9770 208.9710
	9780 208.8520
	9790 209.1800
	9800 209.4090
	9810 209.5730
	9820 208.4550
	9830 206.7840
	9840 208.1830
	9850 206.0860
	9860 206.5600
	9870 206.3520
	9880 206.4590
	9890 206.7670
	9900 208.0440
	9910 208.5710
	9920 207.4590
	9930 208.0400
	9940 207.9930
	9950 208.7030
	9960 208.6870
	9970 208.0690
	9980 208.6580
	9990 208.9890
