# re-allocation
# re-allocation
# re-allocation
# re-allocation
# re-allocation
# re-allocation
	10 0.1760
# re-allocation
	20 0.0720
# re-allocation
	30 0.1100
	40 0.1370
# re-allocation
	50 0.1790
	60 0.2090
	70 0.2430
	80 0.2740
# re-allocation
	90 0.3140
	100 0.3440
	110 0.4040
	120 0.4120
	130 0.3070
	140 0.1270
	150 0.1360
	160 0.1450
# re-allocation
	170 0.1890
	180 0.1640
	190 0.1730
	200 0.1820
	210 0.1900
	220 0.1990
	230 0.2090
	240 0.2180
	250 0.2270
	260 0.2440
	270 0.2430
	280 0.2540
	290 0.2630
	300 0.2700
	310 0.2790
	320 0.2940
# re-allocation
	330 0.3240
	340 0.3120
	350 0.3250
	360 0.3480
	370 0.3650
	380 0.3860
	390 0.3830
	400 0.4160
	410 0.4020
	420 0.3870
	430 0.3890
	440 0.3960
	450 0.4110
	460 0.4150
	470 0.4240
	480 0.4360
	490 0.4440
	500 0.4510
	510 0.4620
	520 0.4900
	530 0.5610
	540 0.5780
	550 0.6090
	560 0.6080
	570 0.5130
	580 0.5300
	590 0.5390
	600 0.5410
	610 0.5480
	620 0.5610
	630 0.5660
	640 0.5980
	650 0.6080
# re-allocation
	660 0.6070
	670 0.6280
	680 0.6120
	690 0.6460
	700 0.6630
	710 0.6380
	720 0.6480
	730 0.6560
	740 0.6690
	750 0.6750
	760 0.6840
	770 0.6940
	780 0.7190
	790 0.7290
	800 0.6990
	810 0.7090
	820 0.7160
	830 0.7240
	840 0.7340
	850 0.7420
	860 0.7920
	870 0.8020
	880 0.7690
	890 0.7810
	900 0.7850
	910 0.8150
	920 0.8040
	930 0.8130
	940 0.8280
	950 0.8320
	960 0.8400
	970 0.8100
	980 0.8090
	990 0.8250
	1000 0.8260
	1010 0.8360
	1020 0.8450
	1030 0.8510
	1040 0.8590
	1050 0.8680
	1060 0.8940
	1070 0.8840
	1080 0.9100
	1090 0.9000
	1100 0.9030
	1110 0.8930
	1120 0.9280
	1130 0.9370
	1140 0.9420
	1150 0.9580
	1160 0.9610
	1170 0.9780
	1180 0.9530
	1190 0.9320
	1200 0.9400
	1210 0.9630
	1220 1.0030
	1230 1.0510
	1240 1.0210
	1250 1.0050
	1260 0.9960
	1270 1.0380
	1280 1.0300
	1290 1.0790
	1300 1.0730
# re-allocation
	1310 1.1050
	1320 1.0920
	1330 1.0890
	1340 1.0770
	1350 1.0960
	1360 1.0430
	1370 1.0940
	1380 1.0840
	1390 1.1060
	1400 1.1270
	1410 1.1170
	1420 1.1290
	1430 1.1200
	1440 1.1330
	1450 1.1370
	1460 1.1690
	1470 1.1530
	1480 1.1390
	1490 1.1770
	1500 1.1990
	1510 1.1950
	1520 1.1880
	1530 1.2210
	1540 1.1850
	1550 1.2310
	1560 1.2500
	1570 1.2460
	1580 1.2060
	1590 1.2890
	1600 1.2690
	1610 1.2360
	1620 1.2860
	1630 1.2850
	1640 1.3010
	1650 1.3280
	1660 1.3230
	1670 1.3440
	1680 1.3240
	1690 1.3580
	1700 1.3520
	1710 1.3810
	1720 1.3140
	1730 1.3600
	1740 1.3750
	1750 1.4010
	1760 1.3570
	1770 1.3990
	1780 1.4310
	1790 1.4240
	1800 1.4140
	1810 1.4350
	1820 1.4440
	1830 1.4660
	1840 1.4810
	1850 1.4910
	1860 1.4190
	1870 1.4740
	1880 1.4920
	1890 1.5040
	1900 1.5150
	1910 1.5210
	1920 1.5250
	1930 1.5470
	1940 1.4790
	1950 1.7910
	1960 1.5750
	1970 1.5830
	1980 1.5940
	1990 1.5940
	2000 1.6010
	2010 1.6150
	2020 1.6010
	2030 1.6170
	2040 1.6370
	2050 1.6230
	2060 1.6360
	2070 1.6570
	2080 1.6650
	2090 1.6620
	2100 1.6520
	2110 1.6470
	2120 1.6180
	2130 1.7540
	2140 1.7090
	2150 1.7190
	2160 1.8270
	2170 1.7000
	2180 1.7660
	2190 1.6820
	2200 1.7890
	2210 1.7660
	2220 1.7410
	2230 1.7990
	2240 1.7800
	2250 1.9670
	2260 1.8700
	2270 1.8180
	2280 1.8210
	2290 1.8430
	2300 1.8790
	2310 1.8510
	2320 1.8470
	2330 1.8510
	2340 1.8480
	2350 1.7940
	2360 1.8050
	2370 1.8780
	2380 1.8790
	2390 1.8320
	2400 1.9050
	2410 1.9060
	2420 1.9290
	2430 1.9730
	2440 1.9540
	2450 1.9270
	2460 1.9390
	2470 1.9470
	2480 1.9020
	2490 1.9670
	2500 1.9620
	2510 1.9950
	2520 1.9240
	2530 2.0110
	2540 2.0250
	2550 2.0190
	2560 2.0160
	2570 2.0350
	2580 2.0960
	2590 2.0640
	2600 2.0580
	2610 2.0740
# re-allocation
	2620 2.0800
	2630 2.0060
	2640 2.0900
	2650 2.1260
	2660 2.1440
	2670 2.1160
	2680 2.1220
	2690 2.0560
	2700 2.1270
	2710 2.1460
	2720 2.0830
	2730 2.1240
	2740 2.1690
	2750 2.1100
	2760 2.1920
	2770 2.1620
	2780 2.2290
	2790 2.1370
	2800 2.2080
	2810 2.2200
	2820 2.2240
	2830 2.1580
	2840 2.1660
	2850 2.2490
	2860 2.2360
	2870 2.2630
	2880 2.2000
	2890 2.2050
	2900 2.2750
	2910 2.3220
	2920 2.2990
	2930 2.3050
	2940 2.3250
	2950 2.3620
	2960 2.3580
	2970 2.3330
	2980 2.3480
	2990 2.2820
	3000 2.2840
	3010 2.3840
	3020 2.3160
	3030 2.4610
	3040 2.5340
	3050 2.3840
	3060 2.4710
	3070 3.6350
	3080 2.8560
	3090 2.7880
	3100 2.7920
	3110 3.2450
	3120 3.4000
	3130 2.8370
	3140 2.8330
	3150 2.9470
	3160 2.8380
	3170 2.7620
	3180 2.8240
	3190 2.8050
	3200 2.8030
	3210 2.6610
	3220 2.6650
	3230 2.6550
	3240 2.6230
	3250 2.6810
	3260 2.7100
	3270 2.6930
	3280 2.5410
	3290 2.6500
	3300 2.6120
	3310 2.6110
	3320 2.5510
	3330 2.5470
	3340 2.6510
	3350 2.6320
	3360 2.6170
	3370 2.6320
	3380 2.6440
	3390 2.6100
	3400 2.6660
	3410 2.6740
	3420 2.6310
	3430 2.7020
	3440 2.6850
	3450 2.6300
	3460 2.7050
	3470 2.7970
	3480 2.7060
	3490 2.7540
	3500 2.7330
	3510 2.7560
	3520 2.7580
	3530 2.7730
	3540 2.8790
	3550 2.7170
	3560 2.7700
	3570 2.7860
	3580 2.8410
	3590 2.7400
	3600 2.8320
	3610 2.8150
	3620 2.8470
	3630 2.7740
	3640 2.9450
	3650 2.8650
	3660 2.8000
	3670 2.9870
	3680 2.8770
	3690 3.0450
	3700 2.8920
	3710 2.9480
	3720 2.9150
	3730 2.8460
	3740 2.9760
	3750 2.9490
	3760 2.8730
	3770 2.9500
	3780 2.9560
	3790 2.9550
	3800 2.9610
	3810 2.9740
	3820 3.0750
	3830 2.9820
	3840 2.9410
	3850 3.2500
	3860 3.0140
	3870 3.0160
	3880 3.1310
	3890 3.0430
	3900 3.0250
	3910 3.0580
	3920 2.9900
	3930 3.1880
	3940 3.0800
	3950 3.0790
	3960 3.2010
	3970 3.0910
	3980 3.1950
	3990 3.1230
	4000 3.2110
	4010 3.1370
	4020 3.2740
	4030 3.2320
	4040 3.1490
	4050 3.0890
	4060 3.2440
	4070 3.2420
	4080 3.2380
	4090 3.2550
	4100 3.1300
	4110 3.1420
	4120 3.1440
	4130 3.1520
	4140 3.1600
	4150 3.2870
	4160 3.2400
	4170 3.2470
	4180 3.3800
	4190 3.3550
	4200 3.2770
	4210 3.2090
	4220 3.2200
	4230 3.2270
	4240 3.2870
	4250 3.4250
	4260 3.3330
	4270 3.2600
	4280 3.2710
	4290 3.3290
	4300 3.4730
	4310 3.5720
	4320 3.3790
	4330 3.3750
	4340 3.4820
	4350 3.3880
	4360 3.3880
	4370 3.3700
	4380 3.3410
	4390 3.4090
	4400 3.5300
	4410 3.3820
	4420 3.5430
	4430 3.5090
	4440 3.4570
	4450 3.4880
	4460 3.4770
	4470 3.5000
	4480 3.4160
	4490 3.4970
	4500 3.4340
	4510 3.4480
	4520 3.5190
	4530 3.4860
	4540 3.6240
	4550 3.4860
	4560 3.5490
	4570 3.6220
	4580 3.6630
	4590 3.5060
	4600 3.6580
	4610 3.6620
	4620 3.6930
	4630 3.6780
	4640 3.5370
	4650 3.7180
	4660 3.6870
	4670 3.5660
	4680 3.6490
	4690 3.6390
	4700 3.6490
	4710 3.6580
	4720 3.6130
	4730 3.7260
	4740 3.8570
	4750 3.8010
	4760 3.7840
	4770 3.7870
	4780 3.8170
	4790 3.8110
	4800 3.6850
	4810 3.7500
	4820 3.8510
	4830 3.8610
	4840 3.7610
	4850 3.7070
	4860 3.8570
	4870 4.0410
	4880 3.7850
	4890 3.8090
	4900 3.9260
	4910 3.8220
	4920 3.7540
	4930 3.7660
	4940 3.9810
	4950 3.9720
	4960 3.9470
	4970 3.8290
	4980 3.9980
	4990 4.0100
	5000 4.1900
	5010 4.4400
	5020 4.4630
	5030 4.4860
	5040 4.4100
	5050 4.2160
	5060 4.2000
	5070 4.1830
	5080 4.1860
	5090 4.2290
	5100 4.1760
	5110 3.9500
	5120 3.9790
	5130 4.0720
	5140 3.9630
	5150 3.9830
	5160 3.9590
	5170 3.9470
	5180 3.9500
	5190 3.9650
	5200 3.9650
	5210 3.9950
	5220 4.1520
	5230 4.1520
# re-allocation
	5240 4.1670
	5250 4.0050
	5260 4.0930
	5270 4.1040
	5280 4.0910
	5290 4.0940
	5300 4.1300
	5310 4.0490
	5320 4.0560
	5330 4.1440
	5340 4.1460
	5350 4.2280
	5360 4.1890
	5370 4.1720
	5380 4.1480
	5390 4.1510
	5400 4.1960
	5410 4.2190
	5420 4.1370
	5430 4.2250
	5440 4.1720
	5450 4.1610
	5460 4.2520
	5470 4.2320
	5480 4.1810
	5490 4.3440
	5500 4.1930
	5510 4.3780
	5520 4.2560
	5530 4.2180
	5540 4.6150
	5550 4.3000
	5560 4.4220
	5570 4.4020
	5580 4.2780
	5590 4.4320
	5600 4.2690
	5610 4.4440
	5620 4.3050
	5630 4.4540
	5640 4.3280
	5650 4.4680
	5660 4.4930
	5670 4.3230
	5680 4.4910
	5690 4.3690
	5700 4.5220
	5710 4.5160
	5720 4.5310
	5730 4.3990
	5740 4.5360
	5750 4.4070
	5760 4.4340
	5770 4.5730
	5780 4.4240
	5790 4.4380
	5800 4.5890
	5810 4.6200
	5820 4.4660
	5830 4.4940
	5840 4.6100
	5850 4.6870
	5860 4.4760
	5870 4.5120
	5880 4.6250
	5890 4.6640
	5900 4.6760
	5910 4.5110
	5920 4.5420
	5930 4.5510
	5940 4.7050
	5950 4.7140
	5960 4.7170
	5970 4.7280
	5980 4.7170
	5990 4.6540
	6000 4.6970
	6010 4.7000
	6020 4.6610
	6030 4.6870
	6040 4.6030
	6050 4.6140
	6060 4.7700
	6070 4.7580
	6080 4.6390
	6090 4.6620
	6100 4.7330
	6110 4.8580
	6120 4.7280
	6130 4.6940
	6140 4.6840
	6150 4.7660
	6160 4.7300
	6170 4.7020
	6180 4.7390
	6190 4.8060
	6200 4.8330
	6210 4.7610
	6220 4.7530
	6230 4.9030
	6240 4.8940
	6250 4.8020
	6260 4.7970
	6270 4.8670
	6280 4.9280
	6290 4.9740
	6300 4.8680
	6310 4.9760
	6320 4.8240
	6330 4.8850
	6340 4.8880
	6350 4.8800
	6360 4.9220
	6370 4.8710
	6380 4.9390
	6390 4.9640
	6400 4.9720
	6410 4.9900
	6420 4.9510
	6430 5.1840
	6440 5.1580
	6450 5.0020
	6460 5.0940
	6470 4.9870
	6480 4.9440
	6490 5.1170
	6500 4.9810
	6510 4.9730
	6520 5.1250
	6530 4.9950
	6540 5.2680
	6550 5.0200
	6560 5.1620
	6570 5.0190
	6580 5.0850
	6590 5.0600
	6600 5.0560
	6610 5.2110
	6620 5.0720
	6630 5.2270
	6640 5.2250
	6650 5.3220
	6660 5.2630
	6670 5.1380
	6680 5.3040
	6690 5.2150
	6700 5.2310
	6710 5.2720
	6720 5.2700
	6730 5.1310
	6740 5.4990
	6750 5.3190
	6760 5.2560
	6770 5.2460
	6780 5.3800
	6790 5.3260
	6800 5.2360
	6810 5.2520
	6820 5.2870
	6830 5.3090
	6840 5.2170
	6850 5.3950
	6860 5.2310
	6870 5.3130
	6880 5.2650
	6890 5.3350
	6900 5.2580
	6910 5.4680
	6920 5.3710
	6930 5.3410
	6940 5.3100
	6950 5.3890
	6960 5.3780
	6970 5.3420
	6980 5.4450
	6990 5.6390
	7000 5.3940
	7010 5.5330
	7020 5.4990
	7030 5.5070
	7040 5.6050
	7050 5.5230
	7060 5.5780
	7070 5.4170
	7080 5.5440
	7090 5.5620
	7100 5.6030
	7110 5.4600
	7120 5.4830
	7130 5.6020
	7140 5.4970
	7150 5.4930
	7160 5.4870
	7170 5.6280
	7180 5.5840
	7190 5.7310
	7200 5.5150
	7210 5.5040
	7220 5.5700
	7230 5.5140
	7240 5.5380
	7250 5.5480
	7260 5.5470
	7270 5.5430
	7280 5.6740
	7290 5.7410
	7300 5.5750
	7310 5.9380
	7320 5.5970
	7330 5.6230
	7340 5.7800
	7350 5.7920
	7360 5.6370
	7370 5.6870
	7380 5.6690
	7390 5.6330
	7400 5.7250
	7410 5.6570
	7420 5.8090
	7430 5.6760
	7440 5.8180
	7450 5.7170
	7460 5.7310
	7470 5.8030
	7480 5.7280
	7490 5.7340
	7500 5.9360
	7510 5.9050
	7520 5.8120
	7530 5.8380
	7540 5.8450
	7550 5.8780
	7560 5.8960
	7570 5.7880
	7580 5.8400
	7590 5.9580
	7600 5.8210
	7610 5.9080
	7620 5.9710
	7630 5.9430
	7640 5.8460
	7650 5.8450
	7660 6.0310
	7670 5.9470
	7680 5.9020
	7690 6.0180
	7700 5.8800
	7710 5.9520
	7720 5.9210
	7730 6.0020
	7740 6.0380
	7750 5.9580
	7760 6.0100
	7770 6.0080
	7780 6.0670
	7790 5.9610
	7800 5.9880
	7810 6.0280
	7820 6.0840
	7830 6.0190
	7840 6.0740
	7850 6.1310
	7860 6.0840
	7870 6.0380
	7880 6.0170
	7890 6.1190
	7900 6.0430
	7910 6.0520
	7920 6.1360
	7930 6.1170
	7940 6.1340
	7950 6.3100
	7960 6.1000
	7970 6.0960
	7980 6.1780
	7990 6.0990
	8000 6.1530
	8010 6.1100
	8020 6.1960
	8030 6.2020
	8040 6.2200
	8050 6.2090
	8060 6.4290
	8070 6.3720
	8080 6.2510
	8090 6.2490
	8100 6.2470
	8110 6.3030
	8120 6.2850
	8130 6.3020
	8140 6.2720
	8150 6.4810
	8160 6.2890
	8170 6.5490
	8180 6.2420
	8190 6.2680
	8200 6.4860
	8210 6.3010
	8220 6.2800
	8230 6.3440
	8240 6.2950
	8250 6.3190
	8260 6.3180
	8270 6.4160
	8280 6.3810
	8290 6.4370
	8300 6.3430
	8310 6.3470
	8320 6.5180
	8330 6.4430
	8340 6.3920
	8350 6.4320
	8360 6.4690
	8370 6.3830
	8380 6.4070
	8390 6.4170
	8400 6.5090
	8410 6.4920
	8420 6.5050
	8430 6.5120
	8440 6.4370
	8450 6.6250
	8460 6.6110
	8470 6.4950
	8480 6.7140
	8490 6.5040
	8500 6.5910
	8510 6.5970
	8520 6.5120
	8530 6.5120
	8540 6.6480
	8550 6.5180
	8560 6.5360
	8570 6.7000
	8580 6.6020
	8590 6.6280
	8600 6.5780
	8610 6.6530
	8620 6.6690
	8630 6.5820
	8640 6.7200
	8650 6.6520
	8660 6.7210
	8670 6.6470
	8680 6.8630
	8690 6.7250
	8700 6.6350
	8710 6.7510
	8720 6.6490
	8730 6.7710
	8740 6.6860
	8750 6.7690
	8760 6.9000
	8770 6.7050
	8780 6.7890
	8790 6.7470
	8800 6.9790
	8810 6.7900
	8820 6.7270
	8830 6.8240
	8840 6.8730
	8850 6.7980
	8860 7.0260
	8870 6.9500
	8880 6.8400
	8890 6.7840
	8900 6.7870
	8910 6.9070
	8920 6.9830
	8930 6.8480
	8940 6.8220
	8950 6.9140
	8960 7.4400
	8970 7.0060
	8980 6.9200
	8990 6.9610
	9000 6.8940
	9010 7.0600
	9020 6.9710
	9030 7.0910
	9040 7.1020
	9050 7.1120
	9060 7.1230
	9070 6.9190
	9080 7.0230
	9090 7.0150
	9100 7.0220
	9110 7.4180
	9120 7.0680
	9130 7.3650
	9140 7.2690
	9150 7.2660
	9160 7.0660
	9170 7.5200
	9180 8.0780
	9190 8.0380
	9200 7.8000
	9210 7.8030
	9220 7.6330
	9230 7.1950
	9240 7.1620
	9250 7.1020
	9260 7.0910
	9270 7.0970
	9280 7.5990
	9290 8.1730
	9300 8.1570
	9310 8.1540
	9320 7.9440
	9330 8.0000
	9340 7.5200
	9350 7.6640
	9360 7.1570
	9370 7.5010
	9380 7.3940
	9390 7.1700
	9400 7.2670
	9410 7.2410
	9420 7.2720
	9430 7.2460
	9440 7.5100
	9450 7.4210
	9460 7.2630
	9470 7.3410
	9480 7.2710
	9490 7.2420
	9500 7.2590
	9510 7.3510
	9520 7.3300
	9530 7.3080
	9540 7.3550
	9550 7.3710
	9560 8.1180
	9570 7.4420
	9580 7.5870
	9590 7.6080
	9600 7.3820
	9610 7.7420
	9620 7.3530
	9630 7.4140
	9640 7.4670
	9650 7.3710
	9660 7.4700
	9670 7.5760
	9680 7.4540
	9690 7.4280
	9700 7.4690
	9710 7.4050
	9720 7.4850
	9730 7.4240
	9740 7.5390
	9750 7.4490
	9760 7.5440
	9770 7.6040
	9780 7.5890
	9790 7.4580
	9800 7.5600
	9810 7.5780
	9820 7.5670
	9830 7.5880
	9840 7.6880
	9850 7.6320
	9860 7.7440
	9870 7.6030
	9880 7.6920
	9890 7.5690
	9900 7.6200
	9910 7.6220
	9920 7.5880
	9930 7.6710
	9940 7.6860
	9950 7.5960
	9960 7.7750
	9970 7.6720
	9980 7.8600
	9990 7.7030
